Patient ID,Anemia,Diabetics,High Blood Pressure,Anemia & Diabetics,Anemia & High Blood Pressure,Diabetics & High Blood Pressure,"Anemia, Diabectics & High Blood Pressure",,
1,0,1,1,0,1,1,0,,
2,1,1,0,0,0,1,0,,NO - 0
3,0,1,0,1,1,1,0,,YES - 1
4,1,1,1,1,0,1,0,,
5,0,0,0,0,1,1,0,,
6,1,0,1,0,0,1,0,,
7,0,1,0,0,0,1,0,,
8,1,1,0,1,1,0,1,,
9,0,0,0,1,0,0,1,,
10,1,1,1,0,1,0,0,,
11,0,0,1,1,0,0,1,,
12,1,1,0,0,1,1,1,,
13,0,0,0,1,1,1,0,,
14,1,1,1,0,0,1,0,,
15,0,0,0,0,1,0,1,,
16,1,1,1,0,0,1,1,,
17,0,1,1,1,0,0,0,,
18,1,1,1,1,1,0,1,,
19,0,1,0,0,0,0,1,,
20,0,0,1,1,1,1,0,,
21,1,0,0,0,0,1,0,,
22,0,1,0,1,1,0,1,,
23,1,1,1,1,0,1,0,,
24,0,1,0,0,1,0,0,,
25,1,0,1,0,0,0,1,,
26,0,1,0,1,1,0,0,,
27,1,1,1,1,0,1,1,,
28,0,0,0,0,1,1,1,,
29,1,1,1,0,0,0,0,,
30,0,0,0,1,0,1,0,,
